2.220009986358703700e-04
-1.360733640060361250e-04
2.262959792751701783e-04
5.499054335504435396e-04
-2.204144798838021506e-04
-3.162161800419170671e-05
nan
3.507906273593880929e-04
-6.707222207032372952e+08
2.346677094962642109e-04
-1.983641727410723416e-04
-2.203872057387453613e+11
-3.537118454356791500e+15
1.407788859368126297e+10
3.749394614927313805e+09
-6.755398866876856000e+16
-3.136485212429763794e+09
1.582779804056606702e-04
-4.376379262650611572e+11
-7.074237752028440000e+15
3.786165076363998973e-04
-1.131301437154280361e-04
9.675518158695112800e-05
-4.549653085326389366e-04
-1.326524213331384391e-04
2.840365143038893958e-05
nan
4.942451420084931896e-05
-6.902286272383582592e+08
-3.578574490213798240e-05
-2.542211386357239988e-04
-1.117618321525363922e+11
-5.305678314021330000e+15
2.862197898408077621e+10
7.614611926264775085e+10
-3.377699818762210800e+16
-3.136484838530970097e+09
-3.537118454356791500e+15
-2.203872057387453918e+11
-7.074237752028440000e+15
3.630397102967873753e-04
5.286701078797368465e-05
-3.394812431798535711e-05
-2.135318595745739939e-04
-5.661741180334542304e-04
-2.596681964071671225e-04
nan
3.131618170845564333e-04
-6.902285449562866688e+08
-9.083239777620968165e-04
1.887168225723801244e-04
-1.117618454755872803e+11
-1.768559438007110000e+15
-1.031978463390941811e+10
-8.207557944783467102e+10
-2.927339842377127600e+16
-3.136485212429596901e+09
-1.303682389007860989e-04
-2.203872057387448120e+11
-3.537118876014220000e+15
-4.154414431298334548e-04
-1.101615210345458353e-04
-5.045335951190970574e-04
-4.654243104442939505e-04
2.258128594988613371e-04
5.041030002713661490e-04
nan
4.802413137758136663e-04
-8.875183441680863500e+07
-2.135201856737608194e-04
1.906925214659464156e-04
-5.744916534400773621e+10
-6.189958033024885000e+15
-2.875069858406570053e+10
3.333614144191884613e+10
-6.755398664798381000e+15
-3.136485212429286480e+09
-5.305678314021330000e+15
-1.117618321525368805e+11
-7.074236908713583000e+15
-5.427079885315478985e-05
1.525716040223965529e-04
5.315028316856285637e-04
-1.502857646314592795e-04
-2.303204733314940394e-04
-3.369827019546074980e-04
nan
1.974491591731729193e-04
-8.875183441704948246e+07
2.370959271816675082e-04
7.270210803729195868e-05
-5.744916534400775146e+10
-4.421398595017775000e+15
5.736473703199154663e+10
4.277458716034713745e+10
-1.013309926115682200e+16
-3.136485212429066658e+09
-3.537118876014220000e+15
-1.117618454755873108e+11
-5.305678314021330000e+15
-3.731789706532122092e-04
-2.469918932444100865e-04
-4.475192132495190995e-05
-4.222524197944665177e-04
1.909672630958460834e-04
-1.676660576592920040e-05
nan
7.638877883089748055e-05
-3.451143221845259070e+08
-1.137006675836246372e-05
-6.097961733875597494e-04
-1.660745058095399475e+11
-8.842796135891978750e+14
-1.096639616289494781e+11
-1.128444023345413055e+11
-9.007199688640870000e+15
-1.117618454755870514e+11
-4.201271212446539764e-04
-2.203872057387447205e+11
-1.768559438007110000e+15
6.833477916816714742e-05
-2.516703826552829019e-04
3.676575836806195911e-04
nan
nan
6.098535080655403126e-04
nan
-3.772716478652241826e-04
-1.010816467437661737e+08
-3.295974280372650786e-04
-4.495834889400821422e-04
-1.932308656729558105e+11
-1.326419578505332500e+15
-6.836501433289810944e+10
-1.657814732502587585e+11
-3.377699492048426000e+15
-1.660745256071665649e+11
-8.842797190035550000e+14
-2.203872057387448120e+11
-1.768559438007110000e+15
1.499572279030944957e-04
nan
nan
6.383357583393372821e-05
5.758529282214802441e-05
2.803141887114028274e-04
nan
-2.332486812863149338e-04
-1.010816467436733395e+08
7.215043562913179913e-05
2.487579334200673716e-04
-1.932308656729555054e+11
-4.421398595017775000e+14
-1.950845909302823486e+11
-5.303058929658654022e+10
-2.251799963903786000e+15
-1.660745058095393982e+11
3.227529732154971664e-04
-2.203872057387454529e+11
-8.842797190035550000e+14
-2.964900554143579461e-04
3.279498890651320756e-04
nan
-1.885429775081877955e-04
5.105595299372173200e-04
2.597562008972456550e-04
nan
5.116600290996982815e-04
-8.875183441707603633e+07
-3.605396520011323359e-04
-3.829038735712646723e-04
-5.744916534400850677e+10
-2.652839157010665000e+15
4.493720431497494507e+10
-4.569765639546493530e+10
-7.881299408536710000e+15
-3.136485212429160118e+09
-1.768559438007110000e+15
-1.117618321525370026e+11
-3.537118454356791500e+15
2.366967522028951573e-04
nan
nan
nan
nan
3.264684498934232481e-04
6.884049770333079004e-05
-7.382642798419765005e-05
-1.085502819742791913e+07
-4.103654468425634852e-04
-9.938635049137695620e-05
-3.029282527821863174e+10
-3.979258735515997500e+15
2.636332646399938583e+10
2.636147711999999237e+10
-1.125899909311675750e+15
-3.136485212429500103e+09
-3.537118876014220000e+15
-5.744916534400839996e+10
-4.421398595017775000e+15
2.130660821310015535e-04
3.025232442102520811e-04
nan
3.531954696046181539e-04
nan
-3.387345293600698705e-04
nan
3.011067801963013225e-04
-2.599480115342063457e+07
8.145948912168058395e-04
1.796875369082872416e-04
-8.460550540979745483e+10
-4.863538454519552000e+15
4.538120803830454254e+10
7.138244813639521790e+10
-2.251799840543865000e+15
-5.744916534400846863e+10
-4.421398595017775000e+15
-1.117618454755874786e+11
-5.305678314021330000e+15
3.969273111143620724e-04
-3.503070933316208661e-04
nan
-5.699757388793924746e-04
-1.863866711699631133e-04
4.705431533126803382e-04
nan
-3.000326855334161020e-04
-3.451143221847835779e+08
3.333339543097670618e-04
-3.358756019070208805e-04
-1.660745256071660156e+11
-6.189958033024885000e+15
-8.292621109499429321e+10
1.325926873732635498e+11
-6.755398991510145000e+15
-1.117618321525378113e+11
-5.305677681535188000e+15
-2.203872057387456055e+11
-7.074237752028440000e+15
-4.055125687214007190e-04
nan
2.096793903215072891e-04
5.239695458572936077e-04
-2.743466154698706713e-04
-2.659730295249478310e-04
nan
-2.841441381772757285e-04
-3.451142810432583690e+08
-1.323743156049511428e-05
-3.973244885676587208e-04
-1.660745256071658936e+11
-4.421398067945989500e+15
1.124931196232502747e+11
1.004265776492890625e+11
-1.013309965954398600e+16
-1.117618454755866089e+11
-3.537118876014220000e+15
-2.203872057387452393e+11
-5.305678314021330000e+15
-4.215805531711579808e-04
1.207538894447047920e-04
-6.651477338442304387e-04
-1.974459435237874789e-04
nan
-4.684248670269109327e-04
nan
-6.802851288885310155e-04
-3.451143221848572493e+08
5.102026884703295660e-05
5.415767593013008641e-04
-1.660745058095404968e+11
-2.652839157010665000e+15
7.498802433520283508e+10
-1.023665545402130432e+11
-7.881299640129829000e+15
-1.117618454755872650e+11
-1.768559438007110000e+15
-2.203872057387451172e+11
-3.537118876014220000e+15
3.198407807945513696e-05
3.309658733910073166e-04
4.651597673538660329e-04
-5.512722090301814051e-04
nan
-5.482103505035760714e-04
nan
1.669384251618069581e-04
-1.010816467435164601e+08
-4.881048194218473796e-04
-1.158668373798533156e-04
-1.932308656729556274e+11
-3.979258735515997500e+15
1.840165600577232361e+11
4.867520990767047119e+10
-4.503599894395987000e+15
-1.660745256071657715e+11
-3.537118876014220000e+15
-2.203872057387447205e+11
-4.421398595017775000e+15
-4.751115454160952751e-04
-2.312275433640576330e-04
4.298609349407110126e-04
nan
nan
1.319965064637602817e-04
nan
-2.444674368347202545e-04
-1.010816467436110079e+08
4.755273171202419746e-05
-1.912987580039689022e-04
-1.932308656729551392e+11
-4.863538454519552000e+15
9.031470281584590149e+10
1.528230896647368469e+11
-3.377699895484189000e+15
-1.660745256071657410e+11
-4.421398595017775000e+15
-2.203872057387450867e+11
-5.305678314021330000e+15
-3.027630048511181860e-05
nan
nan
4.926027064563164850e-04
nan
-2.924944968522948433e-04
nan
3.367807215877027414e-04
-1.010816467433752716e+08
3.659395644370103356e-04
-1.153293921115674516e-04
-1.932308656729557190e+11
-5.747818173523108000e+15
-3.296525515118751526e+10
2.069584363558149719e+11
-2.251799970085606000e+15
-1.660745256071663208e+11
-5.305678314021330000e+15
-2.203872057387448730e+11
-6.189958033024885000e+15
-3.415382280997825604e-04
nan
1.661246805097714961e-04
nan
nan
4.848915728121618420e-05
nan
-3.275545722433416624e-04
-1.010816467443545312e+08
-1.083389599272496188e-04
1.110674901440831565e-04
-1.932308656729552002e+11
-6.632097892526662000e+15
-1.657067191973706970e+11
4.188609229991057587e+10
-2.251799918436175000e+15
-1.660745256071663208e+11
-6.189958033024885000e+15
-2.203872057387449036e+11
-7.074237752028440000e+15
1.667101680021161332e-04
nan
nan
1.590972996645720447e-04
3.657816448769892924e-04
-2.790620818597506461e-04
nan
-8.957900498717776200e-05
-5.739916575591567159e+07
-3.581607496729482306e-04
1.973311004365591194e-05
-1.389181855413763733e+11
-5.747817488329787000e+15
-5.010665509837782288e+10
1.489335648583956604e+11
-2.251799639859306750e+15
-1.117618454755868073e+11
-5.305678314021330000e+15
-1.660745058095392761e+11
-6.189957295124386000e+15
-3.991278778414095781e-04
nan
nan
nan
nan
4.016516294715597769e-05
1.245349645291619542e-04
5.125381295079912362e-04
-2.599481044973860681e+07
-1.091904324946172848e-04
-2.459653958228797972e-04
-8.460550540979772949e+10
-2.210699033972994750e+15
5.285810774682221985e+10
-6.108682649599930573e+10
-1.125899918434383750e+15
-5.744915849553446198e+10
-1.768559227178395750e+15
-1.117618454755872955e+11
-2.652839157010665000e+15
-3.960665173865608800e-04
-1.196053946886600143e-04
6.693931580227755488e-06
-2.370867840369648408e-05
nan
2.195025507129023370e-04
nan
-1.069979970013927996e-04
-2.599481045003696904e+07
3.732894721810358041e-05
1.922792125623118344e-04
-8.460550540979803467e+10
-3.094978647562193000e+15
6.571745313771165466e+10
-4.638205920307649994e+10
-3.377699758473333000e+15
-5.744916534400764465e+10
-2.652839157010665000e+15
-1.117618454755863342e+11
-3.537118876014220000e+15
5.262320392017173516e-04
nan
-1.345729921267350808e-04
nan
2.237923019752620444e-04
5.874435376235150356e-04
nan
2.383530049232173104e-04
-5.739915891341082007e+07
-5.753295420813387675e-04
-3.794608528869855666e-04
-1.389181689810389709e+11
-3.094979016512442500e+15
1.310551490670793152e+11
-3.328184932174965668e+10
-3.377699819457227000e+15
-1.117618321525366058e+11
-2.652838840767594000e+15
-1.660745256071665955e+11
-3.537118876014220000e+15
3.026787369561373007e-04
8.191174491358796221e-05
nan
-1.315091755449119442e-04
nan
2.029182248422341977e-04
nan
-4.385292848111007583e-04
-1.101739849122261256e+07
-4.826747000602834453e-04
-9.117143156820442656e-06
-1.253400155084815674e+11
-3.316048946263331000e+15
1.218124963903120880e+11
-3.884047155568437958e+10
-2.251799872018423000e+15
-1.117618454755872040e+11
-3.094979016512442500e+15
-1.389181855413768005e+11
-3.537118876014220000e+15
3.759785401365200487e-04
nan
nan
nan
nan
-3.675715728061742458e-05
2.521752616003230456e-04
1.121790890731663481e-04
-2.567528999772209208e+06
-3.639350153263177612e-04
-1.615115157419720301e-04
-1.185509163596628723e+11
-3.205513599260842500e+15
1.140346252540119781e+11
-3.538110463999954224e+10
-1.125899932165872500e+15
-1.117618454755870972e+11
-3.094979016512442500e+15
-1.253399856250926514e+11
-3.316048155655653000e+15
-1.377198145483495202e-04
nan
nan
nan
nan
-5.274266670144052991e-04
-1.456596530783376884e-04
-4.683108532675576237e-04
-3.032242137302428484e+06
2.550763588855817026e-04
2.498503885522288114e-05
-1.321291005249288177e+11
-3.205513981387887000e+15
1.295903539199995575e+11
-4.229983846399961090e+10
-1.125899939852550250e+15
-1.253400155084822998e+11
-3.094979016512442500e+15
-1.389181855413769226e+11
-3.316048946263331000e+15
2.699573573361878517e-04
5.081506591866471806e-04
-6.146378722289982466e-04
2.719467904117808007e-04
-2.842220203793968366e-04
-1.799882860578594325e-04
nan
-2.719024108398385218e-04
-2.599481044992624596e+07
-4.656743211863328068e-04
2.274170000135209715e-04
-8.460550540979779053e+10
-3.979258735515997500e+15
7.722721035458134460e+10
3.638873007370064545e+10
-5.629499602115932000e+15
-5.744916534400804901e+10
-3.537118876014220000e+15
-1.117618454755871429e+11
-4.421398595017775000e+15
-6.492063100055795203e-04
2.334858231719976526e-04
nan
1.687150932508944194e-04
nan
-6.246010692794357229e-04
nan
-4.097602764853938451e-05
-1.010816467435300797e+08
-4.002302000182069754e-04
2.484821217855425445e-04
-1.932308426380421143e+11
-2.210699297508887500e+15
3.588989688185369110e+10
-1.923555982510037842e+11
-2.251799954251121000e+15
-1.660745256071664124e+11
-1.768559438007110000e+15
-2.203872057387448120e+11
-2.652839157010665000e+15
3.507089982345362408e-04
nan
-1.502416724368455046e-04
nan
nan
-2.586372222722130971e-04
nan
-8.080334500708467415e-05
-5.739916575591140240e+07
-1.877869996255112262e-04
-3.663258635240273896e-05
-1.389181855413768311e+11
-4.863538454519552000e+15
2.713925121394869328e+09
1.253345484837492218e+11
-2.251799869663810500e+15
-1.117618454755872650e+11
-4.421398595017775000e+15
-1.660745256071657104e+11
-5.305678314021330000e+15
4.667997346724057163e-05
nan
nan
nan
nan
-3.243561292722021917e-04
-5.916335699081902389e-04
-2.438087954717237094e-04
-1.509825968391477875e+07
-1.975723956342553085e-04
1.905060245412301543e-05
-1.524963555742707825e+11
-5.526748243772219000e+15
-7.602999808000031471e+09
1.604123661573537903e+11
-1.125899818437025750e+15
-1.389181855413764954e+11
-5.305678314021330000e+15
-1.660745058095403442e+11
-5.747817488329787000e+15
2.340457964017398024e-04
nan
nan
nan
nan
2.729796311264958623e-04
-5.876793633716653536e-05
-4.826137183585527189e-04
-1.509826148289944604e+07
-3.500263138038565698e-04
-5.618520400803461197e-05
-1.524963555742715454e+11
-5.968888103273996000e+15
-9.261032243199990845e+10
1.374547804160002441e+11
-1.125899955640015000e+15
-1.389181855413768005e+11
-5.747818173523108000e+15
-1.660745256071664124e+11
-6.189958033024885000e+15
2.856111364674824562e-04
nan
3.885162112450029270e-04
nan
nan
4.644543877627606981e-04
nan
-2.848469303930535644e-04
-2.721761674239968777e+09
4.295636459066381726e-04
2.435155234879390884e-04
-3.290125660019030151e+11
-5.305678314021330000e+15
-1.692364799691771507e+10
2.222097675510667725e+11
-2.251799721853496500e+15
-2.203872057387449646e+11
-3.537118876014220000e+15
-4.376379262650607910e+11
-7.074237752028440000e+15
-2.570480410710019692e-04
nan
nan
nan
nan
-2.504694343801283467e-04
-3.858855228895939106e-04
-4.187069786102370612e-05
-1.509826148314228095e+07
4.632941845369622624e-04
-4.991527488614221943e-04
-1.524963373952887878e+11
-3.316048946263331000e+15
1.495404543999996948e+11
-2.216460228577342224e+10
-1.125899813221071125e+15
-1.389181855413761902e+11
-3.094979016512442500e+15
-1.660745058095404053e+11
-3.537118454356791500e+15
-9.744199567862483970e-05
7.830899018716577006e-04
nan
-3.831105993178094467e-04
-9.496655272568244185e-05
-9.837041314696746508e-05
nan
-2.698410881956288604e-05
-8.875183441701450944e+07
3.496036978240490674e-04
4.418644536276604287e-04
-5.744915849553377533e+10
-8.842797190035550000e+14
-5.761979920071899414e+10
-4.869008772849108124e+10
-4.503599149592940000e+15
-3.136485212429080963e+09
1.648514761010178335e-05
-1.117618454755871582e+11
-1.768559438007110000e+15
-3.243930018283999761e-04
nan
nan
nan
nan
1.002007483758555041e-04
-7.679533501848518847e-05
6.114904640980756319e-04
-1.085502819759878889e+07
1.815942490319745223e-04
3.773353257980429135e-04
-3.029282166703303528e+10
-4.863538454519552000e+15
1.302083891199992943e+10
3.390126079999955750e+10
-1.125899909185350500e+15
-3.136484838531382561e+09
-4.421398067945989500e+15
-5.744916534400790405e+10
-5.305678314021330000e+15
2.510764360012318424e-04
nan
-2.431106756010857314e-04
3.148812072579665767e-04
nan
2.915915036606812568e-04
nan
-3.433203449008949935e-04
-2.627026394868097082e+07
1.957799537604376357e-04
-1.154860683759820667e-04
-2.068090357058499756e+11
-3.758188805765109000e+15
2.051214539348555908e+11
3.314657028215201569e+10
-2.251799970723396000e+15
-1.932308656729555359e+11
-3.537118876014220000e+15
-2.203872057387447205e+11
-3.979258735515997500e+15
-9.893021342089294064e-05
nan
nan
nan
nan
2.217917423866482408e-04
-4.010576635829420870e-04
4.311695950003527171e-04
-2.019503556279550865e+07
4.002666903071327780e-04
1.103121618331039892e-04
-1.796526956400610046e+11
-4.200328665266886000e+15
1.664667648000002441e+11
8.104724889600004578e+10
-1.125899967735854500e+15
-1.660745256071663513e+11
-3.979258735515997500e+15
-1.932308656729558411e+11
-4.421398595017775000e+15
-5.210476394169155070e-05
-4.237630939724412260e-04
-3.136347648245650893e-04
nan
nan
5.106461844490959331e-05
nan
2.624833225271604905e-05
-5.739916575641712546e+07
-5.524592527188826492e-04
1.751615140186526734e-05
-1.389181855413773499e+11
-2.210699033972994750e+15
2.998546307263967896e+10
-1.160045690481537781e+11
-2.251799866421480500e+15
-1.117618454755869141e+11
-1.768559438007110000e+15
-1.660745058095393677e+11
-2.652838840767594000e+15
-4.522798428676828592e-04
-2.493396538312722785e-04
nan
1.251730303633794158e-04
nan
-3.540814880901748448e-04
nan
-3.902238357534722137e-04
-2.627026394922297448e+07
-5.967991336277918453e-04
-4.273950573220964069e-04
-2.068090357058508606e+11
-5.526748243772219000e+15
-3.296525515118682861e+10
2.069584116844462891e+11
-2.251799701650131250e+15
-1.932308656729552917e+11
-5.305678314021330000e+15
-2.203872057387452698e+11
-5.747818173523108000e+15
-5.148827784458482899e-04
nan
nan
nan
nan
-2.724385021335121344e-04
9.511288192974829976e-05
4.161473485668465682e-04
-6.877720176736595109e+06
3.114231284217038433e-04
1.776256465746099006e-05
-2.135981207222979126e+11
-5.416213278896774000e+15
-2.724252876799977493e+10
2.154161930240003052e+11
-1.125899990591264500e+15
-2.068090357058504944e+11
-5.305678314021330000e+15
-2.203872057387452393e+11
-5.526748243772219000e+15
1.696273181173916893e-05
nan
nan
nan
nan
5.686922756307135479e-04
-3.362035375060692553e-05
1.984607387716014304e-05
-6.110950997418113053e+06
-6.779655341564713245e-04
4.052422481361572180e-05
-2.000199506894030457e+11
-5.416213278896774000e+15
-3.868798156800045013e+10
1.985006796799997253e+11
-1.125899979494341750e+15
-1.932308656729559021e+11
-5.305678314021330000e+15
-2.068090357058504333e+11
-5.526748243772219000e+15
4.202976142976031599e-04
nan
nan
nan
nan
-3.235162070404795794e-04
2.081694996718741269e-04
-1.062993738517243242e-04
-2.599481044957467541e+07
-3.211241085915551787e-04
-1.380393273405963717e-04
-8.460550540979801941e+10
-6.632097892526662000e+15
-5.592503910399996948e+10
1.556717382424860573e+10
-1.125899778611123750e+15
-5.744916534400816345e+10
-6.189958033024885000e+15
-1.117618454755871735e+11
-7.074237752028440000e+15
-3.053344087856392237e-04
5.987624029096052809e-04
nan
-1.512555824849916243e-04
-2.179539173126896531e-04
4.319806680752087008e-04
nan
-3.396833590416466946e-04
-1.085502949144026265e+07
-1.241925836364665139e-04
-4.342165135101971646e-04
-3.029282527821914291e+10
-5.747818173523108000e+15
-1.562165402552564812e+10
3.447793595546962738e+10
-3.377699729655737000e+15
-3.136484838530550480e+09
-5.305677681535188000e+15
-5.744916534400801086e+10
-6.189958033024885000e+15
-1.401592296611091381e-04
nan
nan
nan
nan
1.734070954529378327e-04
6.846970520081512653e-05
5.782556681639561963e-04
-5.248907998249084689e+06
-1.524778303287201386e-05
-1.580966945760803116e-04
-7.102733537690312195e+10
-3.316048946263331000e+15
6.129204838400025940e+10
-1.248877260799959183e+10
-1.125899913792948250e+15
-5.744916534400858307e+10
-3.094979016512442500e+15
-8.460550540979800415e+10
-3.537118876014220000e+15
1.234421566225332766e-04
nan
nan
nan
nan
-2.532822264602214708e-04
8.232911487640227227e-05
4.110398258912688731e-04
-7.734279573467527516e+06
4.972515720143552481e-04
-1.705666863668808722e-04
-9.818367544269291687e+10
-2.873909086761554000e+15
7.621464063999975586e+10
-6.886862027021987915e+10
-1.125899791368228750e+15
-8.460550540979795837e+10
-2.652839157010665000e+15
-1.117618454755872803e+11
-3.094979016512442500e+15
6.179461815184630977e-04
nan
nan
nan
2.382581472202937711e-04
6.972744025833336459e-04
nan
2.014496501261640503e-08
-5.739916575581071526e+07
6.685536328777612726e-04
2.477346115805861924e-04
-1.389181855413765564e+11
-4.421398595017775000e+14
-1.223753154404827118e+11
-9.475647487238563538e+10
-2.251799899291693000e+15
-1.117618454755871582e+11
5.748364020804769964e-05
-1.660745256071658325e+11
-8.842797190035550000e+14
2.029365638590654194e-04
nan
nan
nan
nan
-3.058183694034691496e-04
-2.845305289991662098e-04
1.849900165242432393e-04
-5.248907372028953396e+06
5.756092053665218949e-04
1.855591183095278815e-04
-7.102733537690277100e+10
-4.200328665266886000e+15
6.762590208000052643e+10
3.284179558399986267e+10
-1.125899916882319500e+15
-5.744916534400798035e+10
-3.979258735515997500e+15
-8.460550540979768372e+10
-4.421398595017775000e+15
2.624963235486053631e-04
nan
nan
nan
nan
-3.322678282688033922e-04
-3.381701623778956851e-04
1.213972098404058242e-04
-7.734280494905976579e+06
-2.096101170322010017e-05
-1.944757112424927957e-04
-9.818366373828562927e+10
-3.758188357754091500e+15
9.448748339221246338e+10
3.481421823999990845e+10
-1.125899924854734000e+15
-8.460550540979806519e+10
-3.537118876014220000e+15
-1.117618454755872345e+11
-3.979258735515997500e+15
-3.503579588007554586e-04
nan
nan
nan
nan
-3.298046051722206061e-04
-8.070878210984014627e-04
-3.314026870205736869e-04
-5.739916575616557896e+07
7.522597689835594959e-05
-1.809295369590364542e-04
-1.389181855413764648e+11
-1.326419420383797000e+15
-3.729693865785755157e+10
-1.098366156800000916e+11
-1.125899930743761500e+15
-1.117618454755872040e+11
-8.842797190035550000e+14
-1.660745256071656189e+11
-1.768559438007110000e+15
2.283079102194733286e-04
nan
nan
nan
nan
4.418091915015513629e-04
-2.172765631064183715e-04
7.455143703476254692e-04
-5.248907998009528033e+06
-6.195857486665110265e-04
4.789383897936353856e-05
-7.102733537690327454e+10
-3.758188805765109000e+15
5.395022233599966431e+10
2.090333958812735367e+10
-1.125899778571385250e+15
-5.744915849553424835e+10
-3.537118454356791500e+15
-8.460549532403607178e+10
-3.979258261151390500e+15
2.999817072520466954e-04
nan
nan
-8.281326650244869817e-05
4.661551876363729223e-05
-2.043759385526744020e-04
nan
2.202549627560179972e-04
-2.019503797004047036e+07
2.273926405362641735e-04
7.278404413678506038e-05
-1.796526742237912598e+11
-4.642468524768664000e+15
1.133983293104451447e+11
1.468460687144074402e+11
-2.251799936948690500e+15
-1.660745058095393372e+11
-4.421398067945989500e+15
-1.932308656729558411e+11
-4.863538454519552000e+15
4.097463616526237588e-04
nan
nan
nan
nan
2.543886195327673501e-04
5.953205849881482940e-04
3.832335609178900656e-04
-5.394523997323954478e+06
-1.703344510747128863e-04
4.127818433111999285e-04
-1.864417806565082703e+11
-4.753002923041939000e+15
1.022344111087069702e+11
1.590112394123814392e+11
-1.125899836105591125e+15
-1.796526956400611572e+11
-4.642468524768664000e+15
-1.932308656729557190e+11
-4.863538454519552000e+15
3.880078764249161481e-04
nan
nan
nan
nan
7.462472525923001095e-06
-3.645641682871372108e-06
4.222656629959587891e-05
-5.394523997569645755e+06
-4.429481993956755096e-04
-1.050058642384405118e-04
-1.864417806565087585e+11
-4.531933559893220000e+15
1.245622353920003510e+11
1.346808791039997711e+11
-1.125899966625363750e+15
-1.796526742237911377e+11
-4.421398067945989500e+15
-1.932308656729555054e+11
-4.642468524768664000e+15
6.016357680697735763e-04
nan
4.841749590278516830e-04
nan
4.683968679329039219e-06
1.120152966984964911e-04
nan
-5.667594885324763127e-04
-2.019503556213072315e+07
3.934258326201869166e-04
-1.644704341498425437e-04
-1.796526956400608826e+11
-1.105349648754443750e+15
-8.220275914558512878e+10
-1.620884766609625854e+11
-2.251799931650404000e+15
-1.660745256071661987e+11
-8.842797190035550000e+14
-1.932308656729554749e+11
-1.326419578505332500e+15
1.286355050617979574e-04
nan
nan
nan
nan
-6.127846446910657297e-04
-6.992121926140574617e-04
6.685045763897503766e-04
-5.394523998260649852e+06
1.237005535870073147e-04
1.046627700473979391e-04
-1.864417806565079651e+11
-1.215884613629888000e+15
-7.292325068800041199e+10
-1.714779095039994812e+11
-1.125899968522129750e+15
-1.796526956400617065e+11
-1.105349648754443750e+15
-1.932308656729552612e+11
-1.326419578505332500e+15
-1.673315073704107956e-04
nan
nan
nan
nan
2.655274582899690649e-04
2.862416450031711663e-04
-1.175088325279692696e-05
-4.728439498320653103e+06
-4.586333034289868363e-05
1.281378254544927531e-05
-1.728636106236137390e+11
-1.215884613629888000e+15
-9.148226764799992371e+10
-1.526990438399997559e+11
-1.125899963128274000e+15
-1.660745058095400391e+11
-1.105349516986497375e+15
-1.796526956400604553e+11
-1.326419578505332500e+15
2.151521123740103819e-04
nan
nan
nan
nan
-2.761114937996627804e-04
1.443887197090419432e-04
-5.423838888662693399e-04
-1.101739717784868740e+07
4.930170946667796232e-04
-1.394501346367515646e-04
-1.253400155084819641e+11
-2.431769227259776000e+15
5.186331443200025177e+10
-1.190213795839998932e+11
-1.125899936784703750e+15
-1.117618321525364075e+11
-2.210699033972994750e+15
-1.389181855413765564e+11
-2.652839157010665000e+15
3.696119917293530944e-04
nan
nan
nan
nan
-4.674558960753886702e-04
1.385584071610128289e-04
-2.594523370856015331e-04
-1.101739849109108932e+07
-2.822421571298888655e-05
3.671647477742142365e-05
-1.253400155084815979e+11
-1.989629367757998750e+15
8.107618816000251770e+09
-1.129877585920001526e+11
-1.125899929636776750e+15
-1.117618454755867920e+11
-1.768559438007110000e+15
-1.389181855413762512e+11
-2.210699297508887500e+15
-1.597249945008352029e-04
nan
nan
nan
nan
-5.538386487235558500e-05
-3.201113841872283480e-04
-4.069043551759809444e-04
-2.599480735062973201e+07
-3.806870030009714290e-04
-2.233428878229615417e-04
-8.460549532403598022e+10
-5.747818173523108000e+15
-4.071659520000035858e+10
7.263401527734991455e+10
-1.125899784941340500e+15
-5.744915849553429413e+10
-5.305677681535188000e+15
-1.117618454755868530e+11
-6.189958033024885000e+15
-7.526951251478431002e-04
nan
nan
nan
nan
5.340130401465967248e-04
4.214302015442251926e-04
2.455767889730061304e-04
-2.019503796966442093e+07
5.092161621929986674e-04
2.003643069963937956e-04
-1.796526956400608521e+11
-1.547489508256221250e+15
-4.068952473600008392e+10
-1.731675258880002136e+11
-1.125899963051226750e+15
-1.660745256071666870e+11
-1.326419578505332500e+15
-1.932308656729561157e+11
-1.768559438007110000e+15
-1.075416760459746597e-04
nan
nan
nan
nan
2.928343968053698752e-04
-5.843872570229294294e-04
-6.001296022185759372e-05
-2.627026394844623283e+07
-3.557458197753256691e-04
1.743370497308719758e-04
-2.068090357058509521e+11
-1.989629367757998750e+15
6.774614016000011444e+10
-2.085479874560006104e+11
-1.125899992253066000e+15
-1.932308656729556580e+11
-1.768559438007110000e+15
-2.203872057387450867e+11
-2.210699297508887500e+15
1.145281365735962485e-04
nan
nan
nan
nan
-4.231585887300697978e-05
-2.504830048522256299e-04
-3.230751536775995961e-04
-2.019503556299746782e+07
7.280986848730387545e-04
-5.025538438818790733e-04
-1.796526956400610352e+11
-1.989629367757998750e+15
4.033653248000282288e+09
-1.761632092160001831e+11
-1.125899961998055250e+15
-1.660745256071663513e+11
-1.768559438007110000e+15
-1.932308426380418091e+11
-2.210699033972994750e+15
-3.537558078467810375e-04
1.315121354026040025e-04
2.104686120634901192e-04
nan
nan
-4.762145876299918442e-05
nan
2.152687847504847108e-06
-2.721761674239173412e+09
6.497687359433558475e-04
-3.019207967399198172e-04
-3.290125660019034424e+11
-1.768559227178395750e+15
1.440878490446907654e+11
-1.849371661816168518e+11
-2.251799851714684500e+15
-2.203871794665421143e+11
-2.249963326609616962e-04
-4.376379262650607910e+11
-3.537118876014220000e+15
-2.939589834508990387e-04
nan
nan
nan
nan
-4.499115600641701669e-04
-1.119053632597402745e-04
-3.534774497664614780e-04
-3.561280498978729825e+06
-6.636598688006735847e-04
2.192233142427015469e-04
-4.387099531111304474e+10
-5.968887391727086000e+15
-3.648860544221860504e+10
4.335640985600015259e+10
-1.125899912546855750e+15
-3.029282527821808624e+10
-5.747818173523108000e+15
-5.744916534400855255e+10
-6.189958033024885000e+15
1.100071481157114740e-04
nan
nan
nan
nan
-5.428314293330778993e-04
-3.261934838664886234e-05
-3.858775902826658646e-04
-3.561280499322647694e+06
2.273400815365955382e-04
4.996106200994989257e-04
-4.387099531111329651e+10
-5.526748243772219000e+15
-9.800628224000102997e+09
3.366523494400069809e+10
-1.125899909026477750e+15
-3.029282166703173065e+10
-5.305677681535188000e+15
-5.744916534400816345e+10
-5.747818173523108000e+15
6.266233184063628610e-05
-1.740500638821007562e-04
nan
nan
nan
-5.297107304664679887e-04
nan
1.074109985946299632e-04
-7.691573105220637321e+08
-5.011691617117306884e-04
-6.041013761612879179e-05
-2.746998531235451660e+11
-6.189958033024885000e+15
-1.692364799691707611e+10
2.222097940405381775e+11
-2.251799990288973500e+15
-2.203872057387448730e+11
-5.305678314021330000e+15
-3.290125660019030762e+11
-7.074237752028440000e+15
-6.087086115130504972e-04
4.408339714136559075e-04
nan
nan
nan
-2.329671233285286985e-04
nan
-1.742824759964186547e-04
-1.570422556742782295e+08
1.765806460824892324e-04
-7.238722000921377889e-06
-2.475435458045343323e+11
-5.747818173523108000e+15
-1.692364799691707802e+10
2.222097940405379639e+11
-2.251799990288973500e+15
-2.203872057387453613e+11
-5.305678314021330000e+15
-2.746998858703243408e+11
-6.189958033024885000e+15
-1.342306704177681151e-04
1.619928973682425294e-04
nan
nan
nan
-6.279004737100397568e-04
nan
7.507676074347470908e-05
-3.314323591919539496e+07
2.884610993037983132e-04
3.864360186052700325e-04
-2.339653478807931824e+11
-5.526748243772219000e+15
-1.692364799691661835e+10
2.222097940405381775e+11
-2.251799990288973500e+15
-2.203872057387452087e+11
-5.305678314021330000e+15
-2.475435458045346985e+11
-5.747818173523108000e+15
-1.640681597818135281e-04
-1.195393167100794761e-04
3.119677419835014038e-04
nan
nan
-5.435412181241738123e-04
nan
2.555349884140781474e-04
-7.694833496000471525e+06
-7.752446030458525861e-05
-2.596165667684198508e-04
-2.271762636736687927e+11
-5.416213278896774000e+15
-1.692364799691725159e+10
2.222097675510662537e+11
-2.251799721853496500e+15
-2.203872057387452698e+11
-5.305678314021330000e+15
-2.339653757716403809e+11
-5.526748243772219000e+15
1.304826901114145357e-04
nan
nan
nan
nan
-9.790460418076774279e-05
-3.073796173767691592e-04
-5.330579940507449051e-04
-1.876762999870142201e+06
-2.500427843647028700e-04
-2.637248835412904892e-04
-2.237817482469681091e+11
-5.471480109083162000e+15
-2.351594830068051910e+10
2.206392320000002747e+11
-1.125899994300971500e+15
-2.203872057387455444e+11
-5.416213278896774000e+15
-2.271762636736685181e+11
-5.526747584932487000e+15
2.403747423756625299e-04
nan
nan
nan
nan
1.141370801359295576e-04
3.114487308801974319e-04
4.920898096783902229e-04
-1.876762999811402289e+06
-2.157605565883010366e-04
1.410237453240583794e-04
-2.237817482469689636e+11
-5.360945157384512000e+15
-1.033134366440762329e+10
2.237803560960000610e+11
-1.125899995988002000e+15
-2.203872057387454834e+11
-5.305678314021330000e+15
-2.271762907551918640e+11
-5.416213278896774000e+15
